,age,balance,day,duration,campaign,pdays,previous,y_no,y_yes,y_no,y_yes,job_admin.,job_blue-collar,job_entrepreneur,job_housemaid,job_management,job_retired,job_self-employed,job_services,job_student,job_technician,job_unemployed,job_unknown,y_no,y_yes,job_admin.,job_blue-collar,job_entrepreneur,job_housemaid,job_management,job_retired,job_self-employed,job_services,job_student,job_technician,job_unemployed,job_unknown,y_no,y_yes,job_admin.,job_blue-collar,job_entrepreneur,job_housemaid,job_management,job_retired,job_self-employed,job_services,job_student,job_technician,job_unemployed,job_unknown,marital_divorced,marital_married,marital_single,education_primary,education_secondary,education_tertiary,education_unknown,default_no,default_yes,housing_no,housing_yes,loan_no,loan_yes,poutcome_failure,poutcome_other,poutcome_success,poutcome_unknown,contact_cellular,contact_telephone,contact_unknown
age,1.0,0.08382014224477712,-0.01785263212257723,-0.0023668894512521616,-0.005147904715095996,-0.008893530331566079,-0.0035109166574200435,-0.04509180287499922,0.04509180287499922,-0.04509180287499922,0.04509180287499922,-0.04838472273273288,-0.04930740840352452,0.01563839356121586,0.09297904506968918,-0.031082988543623825,0.45317069720510866,0.00550535823088225,-0.07835150239942967,-0.18669143877420524,-0.07272256233879451,-0.0042588404152603945,0.06037850410189868,-0.04509180287499922,0.04509180287499922,-0.04838472273273288,-0.04930740840352452,0.01563839356121586,0.09297904506968918,-0.031082988543623825,0.45317069720510866,0.00550535823088225,-0.07835150239942967,-0.18669143877420524,-0.07272256233879451,-0.0042588404152603945,0.06037850410189868,-0.04509180287499922,0.04509180287499922,-0.04838472273273288,-0.04930740840352452,0.01563839356121586,0.09297904506968918,-0.031082988543623825,0.45317069720510866,0.00550535823088225,-0.07835150239942967,-0.18669143877420524,-0.07272256233879451,-0.0042588404152603945,0.06037850410189868,0.148042704341353,0.2751392437382058,-0.4107678481474255,0.2249377860766521,-0.10687176992631503,-0.09404157015610015,0.08111068942692039,0.017884653521308434,-0.017884653521308434,0.19388763885781415,-0.19388763885781415,0.01124969266505036,-0.01124969266505034,0.012693404441109814,-0.026178679171719503,0.04862590040819157,-0.0174141913923843,-0.06179371114288014,0.18306008864658738,-0.03512473227541272
balance,0.08382014224477712,1.0,-0.008677052058808934,-0.015949918443666694,-0.009976165700708075,0.009436675990853636,0.026196357212843847,-0.01790509838763689,0.01790509838763689,-0.01790509838763689,0.01790509838763689,-0.022386064231684995,-0.05769126194939935,0.014523122905087917,0.03501627367180463,0.059752980296111174,0.0689739232729326,-0.002064481260894952,-0.03375837323033745,0.005539886730667748,-0.013778854343681052,-0.01890209653981246,0.0024185659268505725,-0.01790509838763689,0.01790509838763689,-0.022386064231684995,-0.05769126194939935,0.014523122905087917,0.03501627367180463,0.059752980296111174,0.0689739232729326,-0.002064481260894952,-0.03375837323033745,0.005539886730667748,-0.013778854343681052,-0.01890209653981246,0.0024185659268505725,-0.01790509838763689,0.01790509838763689,-0.022386064231684995,-0.05769126194939935,0.014523122905087917,0.03501627367180463,0.059752980296111174,0.0689739232729326,-0.002064481260894952,-0.03375837323033745,0.005539886730667748,-0.013778854343681052,-0.01890209653981246,0.0024185659268505725,-0.036283538171106,0.017158170170862096,0.007524884010655501,-0.0015511973275038563,-0.07657446750362422,0.07648725863570933,0.01922971176207021,0.07088595607545045,-0.07088595607545045,0.050227069332365336,-0.0502270693323653,0.07134928790359717,-0.07134928790359717,0.025719177979432933,0.00012868385567356782,0.029998841869909407,-0.033843243434944735,0.0002395699368121608,0.0340248573185732,-0.018891514051071888
day,-0.01785263212257723,-0.008677052058808934,1.0,-0.02462930649564184,0.16070606913904129,-0.09435151957138758,-0.05911439404177577,0.011244207925172951,-0.011244207925172951,0.011244207925172951,-0.011244207925172951,0.01705237294488215,-0.027025121766198153,-0.01570656668413472,-0.011994898715684467,0.02150961652424499,-0.010071834741671476,0.0066010809528085435,-0.01544940698854434,0.007968040203868763,0.014717847966979305,0.003693994260080061,-0.0008169784452663022,0.011244207925172951,-0.011244207925172951,0.01705237294488215,-0.027025121766198153,-0.01570656668413472,-0.011994898715684467,0.02150961652424499,-0.010071834741671476,0.0066010809528085435,-0.01544940698854434,0.007968040203868763,0.014717847966979305,0.003693994260080061,-0.0008169784452663022,0.011244207925172951,-0.011244207925172951,0.01705237294488215,-0.027025121766198153,-0.01570656668413472,-0.011994898715684467,0.02150961652424499,-0.010071834741671476,0.0066010809528085435,-0.01544940698854434,0.007968040203868763,0.014717847966979305,0.003693994260080061,-0.0008169784452663022,-0.0071210972909884875,-0.0014384990527381654,0.006769068758150615,-0.020851052257558105,0.007745169280463231,0.007464597524786084,0.0007868681782151492,0.013260779470614896,-0.013260779470614896,0.031291012368243644,-0.03129101236824365,0.004879370486429868,-0.004879370486429893,-0.06423487835203945,-0.02106222509462744,-0.02772044785456858,0.07510031739599261,0.017850073426748627,0.05352664585430713,-0.04814338581809969
duration,-0.0023668894512521616,-0.015949918443666694,-0.02462930649564184,1.0,-0.06838199990315369,0.01038024215766012,0.0180803172039418,-0.4011183032752471,0.4011183032752471,-0.4011183032752471,0.4011183032752471,-0.038763492286843365,0.028114064261328772,0.01626723884327742,0.017588176919373425,-0.0068842494599494946,0.01933139295538163,0.000129949274266137,-0.0018089135845336401,-0.00808670108519684,-0.020514360490543188,0.02450743701384166,-0.016668295048897205,-0.4011183032752471,0.4011183032752471,-0.038763492286843365,0.028114064261328772,0.01626723884327742,0.017588176919373425,-0.0068842494599494946,0.01933139295538163,0.000129949274266137,-0.0018089135845336401,-0.00808670108519684,-0.020514360490543188,0.02450743701384166,-0.016668295048897205,-0.4011183032752471,0.4011183032752471,-0.038763492286843365,0.028114064261328772,0.01626723884327742,0.017588176919373425,-0.0068842494599494946,0.01933139295538163,0.000129949274266137,-0.0018089135845336401,-0.00808670108519684,-0.020514360490543188,0.02450743701384166,-0.016668295048897205,0.02137311694651921,-0.03643572267004156,0.024559565349570257,-0.0036402714611793435,0.02317907400242215,-0.017778888743623746,-0.010802225369823266,0.011614901832748263,-0.011614901832748263,-0.015740453638900007,0.015740453638900018,0.004997141788883258,-0.004997141788883266,-0.012851783321283818,0.008109129875642076,0.049254903218461245,-0.01523887369080038,0.016190991638743494,-0.021180243251313832,-0.005469393812740202
campaign,-0.005147904715095996,-0.009976165700708075,0.16070606913904129,-0.06838199990315369,1.0,-0.09313681840574864,-0.06783263049126001,0.06114743110383027,-0.06114743110383027,0.06114743110383027,-0.06114743110383027,-0.017895229570345735,0.008783387562368605,-0.012910316030026788,-0.015050593684465183,0.030157658362881694,-0.024452246786971478,0.03203980046987029,0.002963880680111247,-0.017734035819558697,-0.008999287566151074,-0.006254948481678884,-0.0071356868473818474,0.06114743110383027,-0.06114743110383027,-0.017895229570345735,0.008783387562368605,-0.012910316030026788,-0.015050593684465183,0.030157658362881694,-0.024452246786971478,0.03203980046987029,0.002963880680111247,-0.017734035819558697,-0.008999287566151074,-0.006254948481678884,-0.0071356868473818474,0.06114743110383027,-0.06114743110383027,-0.017895229570345735,0.008783387562368605,-0.012910316030026788,-0.015050593684465183,0.030157658362881694,-0.024452246786971478,0.03203980046987029,0.002963880680111247,-0.017734035819558697,-0.008999287566151074,-0.006254948481678884,-0.0071356868473818474,-0.02215677273616017,0.0219999021518416,-0.008092708211025684,0.009746362785333484,-0.019510470573358613,0.022631358309963653,-0.02050820026912133,0.012347686172779876,-0.012347686172779876,0.003573573583611504,-0.003573573583611497,-0.017119987599516818,0.017119987599516807,-0.09402074643285639,-0.03043526031522607,-0.05826848026199796,0.1173753230388709,-0.01843488295698308,0.02657089949834896,0.004882365431957135
pdays,-0.008893530331566079,0.009436675990853636,-0.09435151957138758,0.01038024215766012,-0.09313681840574864,1.0,0.5775618266478365,-0.1040868194091947,0.1040868194091947,-0.1040868194091947,0.1040868194091947,0.03512659219892571,0.009373843099603736,-0.014703773204989726,-0.02127774772445326,0.006267902553841523,-0.010852572231602726,-0.023614099677393977,-0.010809833796746587,0.008174515188480868,-0.0022639577407248986,-0.005356779220864946,-0.0032462364196911347,-0.1040868194091947,0.1040868194091947,0.03512659219892571,0.009373843099603736,-0.014703773204989726,-0.02127774772445326,0.006267902553841523,-0.010852572231602726,-0.023614099677393977,-0.010809833796746587,0.008174515188480868,-0.0022639577407248986,-0.005356779220864946,-0.0032462364196911347,-0.1040868194091947,0.1040868194091947,0.03512659219892571,0.009373843099603736,-0.014703773204989726,-0.02127774772445326,0.006267902553841523,-0.010852572231602726,-0.023614099677393977,-0.010809833796746587,0.008174515188480868,-0.0022639577407248986,-0.005356779220864946,-0.0032462364196911347,-0.0034107665377789828,-0.016536678519375982,0.020693115783305734,-0.01970844673956991,0.011898708907434172,0.00037671953705068807,0.004600717918120117,0.026316612806671857,-0.026316612806671857,-0.1168932725925673,0.11689327259256731,0.031086405510281214,-0.031086405510281242,0.7083801889548406,0.3829703981043153,0.212187791706203,-0.8677134137006344,0.22334747707957056,0.019660355884860817,-0.24627042445863315
previous,-0.0035109166574200435,0.026196357212843847,-0.05911439404177577,0.0180803172039418,-0.06783263049126001,0.5775618266478365,1.0,-0.11671443565542357,0.11671443565542357,-0.11671443565542357,0.11671443565542357,0.020665165734349226,-0.014861230772429766,-0.013226384227798645,-0.017453413161619385,0.001986524960236183,0.0066617109099345265,0.005771602376354523,-0.018623303812880996,0.03426511648220533,0.00914788399161179,-0.005867115310255863,-0.0023149973671470685,-0.11671443565542357,0.11671443565542357,0.020665165734349226,-0.014861230772429766,-0.013226384227798645,-0.017453413161619385,0.001986524960236183,0.0066617109099345265,0.005771602376354523,-0.018623303812880996,0.03426511648220533,0.00914788399161179,-0.005867115310255863,-0.0023149973671470685,-0.11671443565542357,0.11671443565542357,0.020665165734349226,-0.014861230772429766,-0.013226384227798645,-0.017453413161619385,0.001986524960236183,0.0066617109099345265,0.005771602376354523,-0.018623303812880996,0.03426511648220533,0.00914788399161179,-0.005867115310255863,-0.0023149973671470685,-0.022158037496533653,-0.017639811448458317,0.03555818346935042,-0.020439237839043174,-0.008410378158640331,0.026977239291154774,-0.004239043154390811,0.026656427840274485,-0.026656427840274485,-0.038620582618810184,0.038620582618810156,0.022114829395465916,-0.022114829395465937,0.4752885242327576,0.35838160232865457,0.25027729082356037,-0.6827456058423785,0.16760373319493455,0.03179650697796905,-0.19414172615718617
y_no,-0.04509180287499922,-0.01790509838763689,0.011244207925172951,-0.4011183032752471,0.06114743110383027,-0.1040868194091947,-0.11671443565542357,1.0,-1.0,1.0,-1.0,-0.0065675098674621915,0.0681470293627401,0.015968160536267817,-0.004871635908918948,-0.032634288324661365,-0.08667484456726145,0.0038274599919216772,0.024071287339882782,-0.04780901361872779,0.010153572999571798,0.007311668205566049,-0.019886423066668,1.0,-1.0,-0.0065675098674621915,0.0681470293627401,0.015968160536267817,-0.004871635908918948,-0.032634288324661365,-0.08667484456726145,0.0038274599919216772,0.024071287339882782,-0.04780901361872779,0.010153572999571798,0.007311668205566049,-0.019886423066668,1.0,-1.0,-0.0065675098674621915,0.0681470293627401,0.015968160536267817,-0.004871635908918948,-0.032634288324661365,-0.08667484456726145,0.0038274599919216772,0.024071287339882782,-0.04780901361872779,0.010153572999571798,0.007311668205566049,-0.019886423066668,-0.03484013908862579,0.06464286941272328,-0.045814704434841334,0.027419604165301027,0.028744150976253456,-0.05664925415602494,0.008870331566235802,0.0013026526456219152,-0.0013026526456219152,-0.10468340035106614,0.1046834003510661,-0.07051703515462314,0.07051703515462378,-0.01455640964615127,-0.05190825758622974,-0.283480883271306,0.16203768441863525,-0.1187612375318026,-0.02587764266119582,0.13939920594773364
y_yes,0.04509180287499922,0.01790509838763689,-0.011244207925172951,0.4011183032752471,-0.06114743110383027,0.1040868194091947,0.11671443565542357,-1.0,1.0,-1.0,1.0,0.0065675098674621915,-0.0681470293627401,-0.015968160536267817,0.004871635908918948,0.032634288324661365,0.08667484456726145,-0.0038274599919216772,-0.024071287339882782,0.04780901361872779,-0.010153572999571798,-0.007311668205566049,0.019886423066668,-1.0,1.0,0.0065675098674621915,-0.0681470293627401,-0.015968160536267817,0.004871635908918948,0.032634288324661365,0.08667484456726145,-0.0038274599919216772,-0.024071287339882782,0.04780901361872779,-0.010153572999571798,-0.007311668205566049,0.019886423066668,-1.0,1.0,0.0065675098674621915,-0.0681470293627401,-0.015968160536267817,0.004871635908918948,0.032634288324661365,0.08667484456726145,-0.0038274599919216772,-0.024071287339882782,0.04780901361872779,-0.010153572999571798,-0.007311668205566049,0.019886423066668,0.03484013908862579,-0.06464286941272328,0.045814704434841334,-0.027419604165301027,-0.028744150976253456,0.05664925415602494,-0.008870331566235802,-0.0013026526456219152,0.0013026526456219152,0.10468340035106614,-0.1046834003510661,0.07051703515462314,-0.07051703515462378,0.01455640964615127,0.05190825758622974,0.283480883271306,-0.16203768441863525,0.1187612375318026,0.02587764266119582,-0.13939920594773364
y_no,-0.04509180287499922,-0.01790509838763689,0.011244207925172951,-0.4011183032752471,0.06114743110383027,-0.1040868194091947,-0.11671443565542357,1.0,-1.0,1.0,-1.0,-0.0065675098674621915,0.0681470293627401,0.015968160536267817,-0.004871635908918948,-0.032634288324661365,-0.08667484456726145,0.0038274599919216772,0.024071287339882782,-0.04780901361872779,0.010153572999571798,0.007311668205566049,-0.019886423066668,1.0,-1.0,-0.0065675098674621915,0.0681470293627401,0.015968160536267817,-0.004871635908918948,-0.032634288324661365,-0.08667484456726145,0.0038274599919216772,0.024071287339882782,-0.04780901361872779,0.010153572999571798,0.007311668205566049,-0.019886423066668,1.0,-1.0,-0.0065675098674621915,0.0681470293627401,0.015968160536267817,-0.004871635908918948,-0.032634288324661365,-0.08667484456726145,0.0038274599919216772,0.024071287339882782,-0.04780901361872779,0.010153572999571798,0.007311668205566049,-0.019886423066668,-0.03484013908862579,0.06464286941272328,-0.045814704434841334,0.027419604165301027,0.028744150976253456,-0.05664925415602494,0.008870331566235802,0.0013026526456219152,-0.0013026526456219152,-0.10468340035106614,0.1046834003510661,-0.07051703515462314,0.07051703515462378,-0.01455640964615127,-0.05190825758622974,-0.283480883271306,0.16203768441863525,-0.1187612375318026,-0.02587764266119582,0.13939920594773364
y_yes,0.04509180287499922,0.01790509838763689,-0.011244207925172951,0.4011183032752471,-0.06114743110383027,0.1040868194091947,0.11671443565542357,-1.0,1.0,-1.0,1.0,0.0065675098674621915,-0.0681470293627401,-0.015968160536267817,0.004871635908918948,0.032634288324661365,0.08667484456726145,-0.0038274599919216772,-0.024071287339882782,0.04780901361872779,-0.010153572999571798,-0.007311668205566049,0.019886423066668,-1.0,1.0,0.0065675098674621915,-0.0681470293627401,-0.015968160536267817,0.004871635908918948,0.032634288324661365,0.08667484456726145,-0.0038274599919216772,-0.024071287339882782,0.04780901361872779,-0.010153572999571798,-0.007311668205566049,0.019886423066668,-1.0,1.0,0.0065675098674621915,-0.0681470293627401,-0.015968160536267817,0.004871635908918948,0.032634288324661365,0.08667484456726145,-0.0038274599919216772,-0.024071287339882782,0.04780901361872779,-0.010153572999571798,-0.007311668205566049,0.019886423066668,0.03484013908862579,-0.06464286941272328,0.045814704434841334,-0.027419604165301027,-0.028744150976253456,0.05664925415602494,-0.008870331566235802,-0.0013026526456219152,0.0013026526456219152,0.10468340035106614,-0.1046834003510661,0.07051703515462314,-0.07051703515462378,0.01455640964615127,0.05190825758622974,0.283480883271306,-0.16203768441863525,0.1187612375318026,0.02587764266119582,-0.13939920594773364
job_admin.,-0.04838472273273288,-0.022386064231684995,0.01705237294488215,-0.038763492286843365,-0.017895229570345735,0.03512659219892571,0.020665165734349226,-0.0065675098674621915,0.0065675098674621915,-0.0065675098674621915,0.0065675098674621915,1.0,-0.1768762910103566,-0.06754953829238128,-0.05480258439727427,-0.17959220704288417,-0.07960617158925981,-0.0706224611946972,-0.10960400632231973,-0.047310442090204914,-0.15554405095938173,-0.05869302060606882,-0.03165698179788323,-0.0065675098674621915,0.0065675098674621915,1.0,-0.1768762910103566,-0.06754953829238128,-0.05480258439727427,-0.17959220704288417,-0.07960617158925981,-0.0706224611946972,-0.10960400632231973,-0.047310442090204914,-0.15554405095938173,-0.05869302060606882,-0.03165698179788323,-0.0065675098674621915,0.0065675098674621915,1.0,-0.1768762910103566,-0.06754953829238128,-0.05480258439727427,-0.17959220704288417,-0.07960617158925981,-0.0706224611946972,-0.10960400632231973,-0.047310442090204914,-0.15554405095938173,-0.05869302060606882,-0.03165698179788323,0.02950928662827009,-0.04402039688958699,0.026987424890988387,-0.1101742342685091,0.21467919594776672,-0.14418948156167075,-0.010011181463520955,0.011388688939021141,-0.011388688939021141,-0.045631615842357906,0.04563161584235791,-0.035866271743620386,0.035866271743620386,0.01664435323213598,0.01822228069206142,0.040444929359363904,-0.04063450047526508,0.014705583398148247,-0.0023787790253934384,-0.014202653145452738
job_blue-collar,-0.04930740840352452,-0.05769126194939935,-0.027025121766198153,0.028114064261328772,0.008783387562368605,0.009373843099603736,-0.014861230772429766,0.0681470293627401,-0.0681470293627401,0.0681470293627401,-0.0681470293627401,-0.1768762910103566,1.0,-0.10105733760995325,-0.08198728538101031,-0.2686785247989745,-0.11909463723216852,-0.10565457713281426,-0.16397283164802057,-0.0707786824255053,-0.2327013339896298,-0.08780756388093307,-0.04736035771870825,0.0681470293627401,-0.0681470293627401,-0.1768762910103566,1.0,-0.10105733760995325,-0.08198728538101031,-0.2686785247989745,-0.11909463723216852,-0.10565457713281426,-0.16397283164802057,-0.0707786824255053,-0.2327013339896298,-0.08780756388093307,-0.04736035771870825,0.0681470293627401,-0.0681470293627401,-0.1768762910103566,1.0,-0.10105733760995325,-0.08198728538101031,-0.2686785247989745,-0.11909463723216852,-0.10565457713281426,-0.16397283164802057,-0.0707786824255053,-0.2327013339896298,-0.08780756388093307,-0.04736035771870825,-0.053301961393465914,0.12061786861296199,-0.0940100720476892,0.3459218774071651,0.04511968030901121,-0.3213837256810336,0.005109403214982119,0.008047725751055135,-0.008047725751055135,-0.17503957751217383,0.17503957751217383,-0.017244218849729615,0.017244218849729594,-0.0026770427111831416,-0.011244305000769466,-0.04243501207053471,0.026502459680616496,-0.13029594497779423,-0.01523181012677437,0.14572973287357077
job_entrepreneur,0.01563839356121586,0.014523122905087917,-0.01570656668413472,0.01626723884327742,-0.012910316030026788,-0.014703773204989726,-0.013226384227798645,0.015968160536267817,-0.015968160536267817,0.015968160536267817,-0.015968160536267817,-0.06754953829238128,-0.10105733760995325,1.0,-0.03131116805817978,-0.1026090619357407,-0.045482567008711026,-0.04034977137427282,-0.06262167194397625,-0.02703057199738269,-0.08886927457168342,-0.03353394830281335,-0.018087049875289186,0.015968160536267817,-0.015968160536267817,-0.06754953829238128,-0.10105733760995325,1.0,-0.03131116805817978,-0.1026090619357407,-0.045482567008711026,-0.04034977137427282,-0.06262167194397625,-0.02703057199738269,-0.08886927457168342,-0.03353394830281335,-0.018087049875289186,0.015968160536267817,-0.015968160536267817,-0.06754953829238128,-0.10105733760995325,1.0,-0.03131116805817978,-0.1026090619357407,-0.045482567008711026,-0.04034977137427282,-0.06262167194397625,-0.02703057199738269,-0.08886927457168342,-0.03353394830281335,-0.018087049875289186,-0.013181961095762031,0.0675640445918393,-0.06480124202411472,0.0026384017590642185,-0.06477451177035778,0.058345124194325054,0.023789904124757413,-0.03798283118022816,0.03798283118022816,0.002577018086987448,-0.002577018086987437,-0.04979395366965761,0.04979395366965761,-0.012068806370296786,-0.0018358764686723299,-0.026644921901276823,0.02226411477772975,-0.006373129652997097,0.00851314709941685,0.002056384290155573
job_housemaid,0.09297904506968918,0.03501627367180463,-0.011994898715684467,0.017588176919373425,-0.015050593684465183,-0.02127774772445326,-0.017453413161619385,-0.004871635908918948,0.004871635908918948,-0.004871635908918948,0.004871635908918948,-0.05480258439727427,-0.08198728538101031,-0.03131116805817978,1.0,-0.08324619114818399,-0.036899766898639975,-0.03273555685277998,-0.0508046324010955,-0.02192976059704979,-0.07209917407515537,-0.027205915517648806,-0.014673928236160877,-0.004871635908918948,0.004871635908918948,-0.05480258439727427,-0.08198728538101031,-0.03131116805817978,1.0,-0.08324619114818399,-0.036899766898639975,-0.03273555685277998,-0.0508046324010955,-0.02192976059704979,-0.07209917407515537,-0.027205915517648806,-0.014673928236160877,-0.004871635908918948,0.004871635908918948,-0.05480258439727427,-0.08198728538101031,-0.03131116805817978,1.0,-0.08324619114818399,-0.036899766898639975,-0.03273555685277998,-0.0508046324010955,-0.02192976059704979,-0.07209917407515537,-0.027205915517648806,-0.014673928236160877,-0.00035576313864056267,0.04309508291431383,-0.047195872136486496,0.16024024617782295,-0.08291582620696641,-0.035584885313267284,0.002625580359113729,-0.0012976397184648499,0.0012976397184648499,0.07004360556635153,-0.07004360556635153,0.016286916900505096,-0.016286916900505148,-0.009791358999667864,-0.006136603389421724,0.006874146649760629,0.008195762047524854,-0.0170333484401948,0.05447684394883021,-0.011882381947920757
job_management,-0.031082988543623825,0.059752980296111174,0.02150961652424499,-0.0068842494599494946,0.030157658362881694,0.006267902553841523,0.001986524960236183,-0.032634288324661365,0.032634288324661365,-0.032634288324661365,0.032634288324661365,-0.17959220704288417,-0.2686785247989745,-0.1026090619357407,-0.08324619114818399,1.0,-0.12092332231369228,-0.10727689156684414,-0.1664906164784669,-0.07186548132466852,-0.2362744374291005,-0.08915583938556786,-0.04808757081267227,-0.032634288324661365,0.032634288324661365,-0.17959220704288417,-0.2686785247989745,-0.1026090619357407,-0.08324619114818399,1.0,-0.12092332231369228,-0.10727689156684414,-0.1664906164784669,-0.07186548132466852,-0.2362744374291005,-0.08915583938556786,-0.04808757081267227,-0.032634288324661365,0.032634288324661365,-0.17959220704288417,-0.2686785247989745,-0.1026090619357407,-0.08324619114818399,1.0,-0.12092332231369228,-0.10727689156684414,-0.1664906164784669,-0.07186548132466852,-0.2362744374291005,-0.08915583938556786,-0.04808757081267227,0.00978804000607046,-0.047152539838044016,0.044795947617778824,-0.16050637502511364,-0.4078505347135764,0.5861319612165569,-0.03540693399439865,0.009598410151660823,-0.009598410151660823,0.04946032856668832,-0.04946032856668832,0.04209869710150285,-0.04209869710150285,0.015565104585052905,0.017891952562844482,-0.015051056975072892,-0.01556264700301491,0.1014275930059674,-0.029220601650916903,-0.09093942348281243
job_retired,0.45317069720510866,0.0689739232729326,-0.010071834741671476,0.01933139295538163,-0.024452246786971478,-0.010852572231602726,0.0066617109099345265,-0.08667484456726145,0.08667484456726145,-0.08667484456726145,0.08667484456726145,-0.07960617158925981,-0.11909463723216852,-0.045482567008711026,-0.036899766898639975,-0.12092332231369228,1.0,-0.047551632547135736,-0.07379875107956635,-0.03185514523083228,-0.10473117802738463,-0.03951928185067401,-0.02131533141919853,-0.08667484456726145,0.08667484456726145,-0.07960617158925981,-0.11909463723216852,-0.045482567008711026,-0.036899766898639975,-0.12092332231369228,1.0,-0.047551632547135736,-0.07379875107956635,-0.03185514523083228,-0.10473117802738463,-0.03951928185067401,-0.02131533141919853,-0.08667484456726145,0.08667484456726145,-0.07960617158925981,-0.11909463723216852,-0.045482567008711026,-0.036899766898639975,-0.12092332231369228,1.0,-0.047551632547135736,-0.07379875107956635,-0.03185514523083228,-0.10473117802738463,-0.03951928185067401,-0.02131533141919853,0.05058163819751762,0.0698533164594217,-0.11374990569683371,0.1282996646031359,-0.024797079459247078,-0.08287650115649155,0.0226801106923851,0.006783716930506325,-0.006783716930506325,0.16285614547707583,-0.16285614547707583,0.008822202547051175,-0.008822202547051237,0.019661224194386685,-0.02476294968572559,0.038919617479028036,-0.01959582182825295,-0.004888385005084195,0.10775858423948283,-0.05387606709654509
job_self-employed,0.00550535823088225,-0.002064481260894952,0.0066010809528085435,0.000129949274266137,0.03203980046987029,-0.023614099677393977,0.005771602376354523,0.0038274599919216772,-0.0038274599919216772,0.0038274599919216772,-0.0038274599919216772,-0.0706224611946972,-0.10565457713281426,-0.04034977137427282,-0.03273555685277998,-0.10727689156684414,-0.047551632547135736,1.0,-0.06547041931905212,-0.028260230494733907,-0.09291206207321862,-0.03505945447724143,-0.01890985505208748,0.0038274599919216772,-0.0038274599919216772,-0.0706224611946972,-0.10565457713281426,-0.04034977137427282,-0.03273555685277998,-0.10727689156684414,-0.047551632547135736,1.0,-0.06547041931905212,-0.028260230494733907,-0.09291206207321862,-0.03505945447724143,-0.01890985505208748,0.0038274599919216772,-0.0038274599919216772,-0.0706224611946972,-0.10565457713281426,-0.04034977137427282,-0.03273555685277998,-0.10727689156684414,-0.047551632547135736,1.0,-0.06547041931905212,-0.028260230494733907,-0.09291206207321862,-0.03505945447724143,-0.01890985505208748,-0.022268514585309644,0.031850362973243014,-0.01885835523589009,-0.03911755037121728,-0.03893501138467605,0.08180130980374377,-0.02011811209019513,-0.008063943802053261,0.008063943802053261,0.03528741700064553,-0.03528741700064553,-0.00633128702336488,0.0063312870233648705,-0.013842802873563325,0.005640069685027228,-0.014976501159777562,0.01467847562924993,-0.002862107167832442,-0.03234293928507875,0.020735391529734058
job_services,-0.07835150239942967,-0.03375837323033745,-0.01544940698854434,-0.0018089135845336401,0.002963880680111247,-0.010809833796746587,-0.018623303812880996,0.024071287339882782,-0.024071287339882782,0.024071287339882782,-0.024071287339882782,-0.10960400632231973,-0.16397283164802057,-0.06262167194397625,-0.0508046324010955,-0.1664906164784669,-0.07379875107956635,-0.06547041931905212,1.0,-0.043859056020097785,-0.14419681878289278,-0.05441125394351629,-0.029347545209012532,0.024071287339882782,-0.024071287339882782,-0.10960400632231973,-0.16397283164802057,-0.06262167194397625,-0.0508046324010955,-0.1664906164784669,-0.07379875107956635,-0.06547041931905212,1.0,-0.043859056020097785,-0.14419681878289278,-0.05441125394351629,-0.029347545209012532,0.024071287339882782,-0.024071287339882782,-0.10960400632231973,-0.16397283164802057,-0.06262167194397625,-0.0508046324010955,-0.1664906164784669,-0.07379875107956635,-0.06547041931905212,1.0,-0.043859056020097785,-0.14419681878289278,-0.05441125394351629,-0.029347545209012532,0.03165366433162212,-0.03459945290949199,0.015052013676041245,-0.08036420610545338,0.22983420477361555,-0.18126052274204427,-0.01630797226701284,5.918315747418596e-05,-5.918315747418596e-05,-0.07552416956042532,0.07552416956042533,-0.021805868058985087,0.02180586805898507,-0.020153349374777814,-0.008127446878179236,-0.013307796772668497,0.026364719780834434,-0.04957039117576779,0.0007264041120967575,0.051869726583768726
job_student,-0.18669143877420524,0.005539886730667748,0.007968040203868763,-0.00808670108519684,-0.017734035819558697,0.008174515188480868,0.03426511648220533,-0.04780901361872779,0.04780901361872779,-0.04780901361872779,0.04780901361872779,-0.047310442090204914,-0.0707786824255053,-0.02703057199738269,-0.02192976059704979,-0.07186548132466852,-0.03185514523083228,-0.028260230494733907,-0.043859056020097785,1.0,-0.0622423894301632,-0.023486554598924906,-0.012667833820028116,-0.04780901361872779,0.04780901361872779,-0.047310442090204914,-0.0707786824255053,-0.02703057199738269,-0.02192976059704979,-0.07186548132466852,-0.03185514523083228,-0.028260230494733907,-0.043859056020097785,1.0,-0.0622423894301632,-0.023486554598924906,-0.012667833820028116,-0.04780901361872779,0.04780901361872779,-0.047310442090204914,-0.0707786824255053,-0.02703057199738269,-0.02192976059704979,-0.07186548132466852,-0.03185514523083228,-0.028260230494733907,-0.043859056020097785,1.0,-0.0622423894301632,-0.023486554598924906,-0.012667833820028116,-0.05003365560230302,-0.1415321477430763,0.192281317665511,-0.04861740500629846,0.013613320972458582,-0.02177203999397037,0.10303424883390627,0.00525032054198313,-0.00525032054198313,0.09103867128692655,-0.09103867128692655,0.053891178371471504,-0.05389117837147155,0.004720263323227067,0.0348207956078507,0.01577276404262153,-0.029126469777618087,0.02796644143951148,0.022389163713332404,-0.041753016724965314
job_technician,-0.07272256233879451,-0.013778854343681052,0.014717847966979305,-0.020514360490543188,-0.008999287566151074,-0.0022639577407248986,0.00914788399161179,0.010153572999571798,-0.010153572999571798,0.010153572999571798,-0.010153572999571798,-0.15554405095938173,-0.2327013339896298,-0.08886927457168342,-0.07209917407515537,-0.2362744374291005,-0.10473117802738463,-0.09291206207321862,-0.14419681878289278,-0.0622423894301632,1.0,-0.077217495419517,-0.041648441701111344,0.010153572999571798,-0.010153572999571798,-0.15554405095938173,-0.2327013339896298,-0.08886927457168342,-0.07209917407515537,-0.2362744374291005,-0.10473117802738463,-0.09291206207321862,-0.14419681878289278,-0.0622423894301632,1.0,-0.077217495419517,-0.041648441701111344,0.010153572999571798,-0.010153572999571798,-0.15554405095938173,-0.2327013339896298,-0.08886927457168342,-0.07209917407515537,-0.2362744374291005,-0.10473117802738463,-0.09291206207321862,-0.14419681878289278,-0.0622423894301632,1.0,-0.077217495419517,-0.041648441701111344,-0.001271747921710439,-0.07777872573480271,0.08657340750657015,-0.16526155735843026,0.15113870148135397,-0.02359158938527689,-0.028889159343329987,-0.009573733727042793,0.009573733727042793,0.01272514100095554,-0.012725141000955497,-0.0026470886201787947,0.002647088620178597,-0.0004513790227938234,-0.00999798024425268,0.021532248717834712,-0.0036494513797799173,0.05775016900447957,-0.04047943906065824,-0.03871776907376863
job_unemployed,-0.0042588404152603945,-0.01890209653981246,0.003693994260080061,0.02450743701384166,-0.006254948481678884,-0.005356779220864946,-0.005867115310255863,0.007311668205566049,-0.007311668205566049,0.007311668205566049,-0.007311668205566049,-0.05869302060606882,-0.08780756388093307,-0.03353394830281335,-0.027205915517648806,-0.08915583938556786,-0.03951928185067401,-0.03505945447724143,-0.05441125394351629,-0.023486554598924906,-0.077217495419517,1.0,-0.015715630600442648,0.007311668205566049,-0.007311668205566049,-0.05869302060606882,-0.08780756388093307,-0.03353394830281335,-0.027205915517648806,-0.08915583938556786,-0.03951928185067401,-0.03505945447724143,-0.05441125394351629,-0.023486554598924906,-0.077217495419517,1.0,-0.015715630600442648,0.007311668205566049,-0.007311668205566049,-0.05869302060606882,-0.08780756388093307,-0.03353394830281335,-0.027205915517648806,-0.08915583938556786,-0.03951928185067401,-0.03505945447724143,-0.05441125394351629,-0.023486554598924906,-0.077217495419517,1.0,-0.015715630600442648,0.029277828565499694,-0.011502770466417553,-0.008651403681981553,0.02541434623027028,0.007234164281235383,-0.018129601647795972,-0.022062793811271193,-0.008799076692902337,0.008799076692902337,0.03888382834724288,-0.03888382834724288,0.0243257775238104,-0.024325777523810405,-0.008035091446764982,-0.003772639691943384,0.0027851009047977393,0.0072915309224046085,0.008358561643286841,0.007906447865347018,-0.01314454743725665
job_unknown,0.06037850410189868,0.0024185659268505725,-0.0008169784452663022,-0.016668295048897205,-0.0071356868473818474,-0.0032462364196911347,-0.0023149973671470685,-0.019886423066668,0.019886423066668,-0.019886423066668,0.019886423066668,-0.03165698179788323,-0.04736035771870825,-0.018087049875289186,-0.014673928236160877,-0.04808757081267227,-0.02131533141919853,-0.01890985505208748,-0.029347545209012532,-0.012667833820028116,-0.041648441701111344,-0.015715630600442648,1.0,-0.019886423066668,0.019886423066668,-0.03165698179788323,-0.04736035771870825,-0.018087049875289186,-0.014673928236160877,-0.04808757081267227,-0.02131533141919853,-0.01890985505208748,-0.029347545209012532,-0.012667833820028116,-0.041648441701111344,-0.015715630600442648,1.0,-0.019886423066668,0.019886423066668,-0.03165698179788323,-0.04736035771870825,-0.018087049875289186,-0.014673928236160877,-0.04808757081267227,-0.02131533141919853,-0.01890985505208748,-0.029347545209012532,-0.012667833820028116,-0.041648441701111344,-0.015715630600442648,1.0,-0.02593534699540093,0.032376379523761774,-0.016767679858179226,0.008830242722703713,-0.05516671163158893,-0.017719650824316487,0.16338480146397735,0.012038665356372925,-0.012038665356372925,0.10025759781706428,-0.10025759781706428,0.03237315502473545,-0.03237315502473548,-0.016511792635907265,-0.00778345778420644,0.027878271931394614,0.005409288910702014,-0.0017244284004121718,0.02400605933076956,-0.011332324639831179
y_no,-0.04509180287499922,-0.01790509838763689,0.011244207925172951,-0.4011183032752471,0.06114743110383027,-0.1040868194091947,-0.11671443565542357,1.0,-1.0,1.0,-1.0,-0.0065675098674621915,0.0681470293627401,0.015968160536267817,-0.004871635908918948,-0.032634288324661365,-0.08667484456726145,0.0038274599919216772,0.024071287339882782,-0.04780901361872779,0.010153572999571798,0.007311668205566049,-0.019886423066668,1.0,-1.0,-0.0065675098674621915,0.0681470293627401,0.015968160536267817,-0.004871635908918948,-0.032634288324661365,-0.08667484456726145,0.0038274599919216772,0.024071287339882782,-0.04780901361872779,0.010153572999571798,0.007311668205566049,-0.019886423066668,1.0,-1.0,-0.0065675098674621915,0.0681470293627401,0.015968160536267817,-0.004871635908918948,-0.032634288324661365,-0.08667484456726145,0.0038274599919216772,0.024071287339882782,-0.04780901361872779,0.010153572999571798,0.007311668205566049,-0.019886423066668,-0.03484013908862579,0.06464286941272328,-0.045814704434841334,0.027419604165301027,0.028744150976253456,-0.05664925415602494,0.008870331566235802,0.0013026526456219152,-0.0013026526456219152,-0.10468340035106614,0.1046834003510661,-0.07051703515462314,0.07051703515462378,-0.01455640964615127,-0.05190825758622974,-0.283480883271306,0.16203768441863525,-0.1187612375318026,-0.02587764266119582,0.13939920594773364
y_yes,0.04509180287499922,0.01790509838763689,-0.011244207925172951,0.4011183032752471,-0.06114743110383027,0.1040868194091947,0.11671443565542357,-1.0,1.0,-1.0,1.0,0.0065675098674621915,-0.0681470293627401,-0.015968160536267817,0.004871635908918948,0.032634288324661365,0.08667484456726145,-0.0038274599919216772,-0.024071287339882782,0.04780901361872779,-0.010153572999571798,-0.007311668205566049,0.019886423066668,-1.0,1.0,0.0065675098674621915,-0.0681470293627401,-0.015968160536267817,0.004871635908918948,0.032634288324661365,0.08667484456726145,-0.0038274599919216772,-0.024071287339882782,0.04780901361872779,-0.010153572999571798,-0.007311668205566049,0.019886423066668,-1.0,1.0,0.0065675098674621915,-0.0681470293627401,-0.015968160536267817,0.004871635908918948,0.032634288324661365,0.08667484456726145,-0.0038274599919216772,-0.024071287339882782,0.04780901361872779,-0.010153572999571798,-0.007311668205566049,0.019886423066668,0.03484013908862579,-0.06464286941272328,0.045814704434841334,-0.027419604165301027,-0.028744150976253456,0.05664925415602494,-0.008870331566235802,-0.0013026526456219152,0.0013026526456219152,0.10468340035106614,-0.1046834003510661,0.07051703515462314,-0.07051703515462378,0.01455640964615127,0.05190825758622974,0.283480883271306,-0.16203768441863525,0.1187612375318026,0.02587764266119582,-0.13939920594773364
job_admin.,-0.04838472273273288,-0.022386064231684995,0.01705237294488215,-0.038763492286843365,-0.017895229570345735,0.03512659219892571,0.020665165734349226,-0.0065675098674621915,0.0065675098674621915,-0.0065675098674621915,0.0065675098674621915,1.0,-0.1768762910103566,-0.06754953829238128,-0.05480258439727427,-0.17959220704288417,-0.07960617158925981,-0.0706224611946972,-0.10960400632231973,-0.047310442090204914,-0.15554405095938173,-0.05869302060606882,-0.03165698179788323,-0.0065675098674621915,0.0065675098674621915,1.0,-0.1768762910103566,-0.06754953829238128,-0.05480258439727427,-0.17959220704288417,-0.07960617158925981,-0.0706224611946972,-0.10960400632231973,-0.047310442090204914,-0.15554405095938173,-0.05869302060606882,-0.03165698179788323,-0.0065675098674621915,0.0065675098674621915,1.0,-0.1768762910103566,-0.06754953829238128,-0.05480258439727427,-0.17959220704288417,-0.07960617158925981,-0.0706224611946972,-0.10960400632231973,-0.047310442090204914,-0.15554405095938173,-0.05869302060606882,-0.03165698179788323,0.02950928662827009,-0.04402039688958699,0.026987424890988387,-0.1101742342685091,0.21467919594776672,-0.14418948156167075,-0.010011181463520955,0.011388688939021141,-0.011388688939021141,-0.045631615842357906,0.04563161584235791,-0.035866271743620386,0.035866271743620386,0.01664435323213598,0.01822228069206142,0.040444929359363904,-0.04063450047526508,0.014705583398148247,-0.0023787790253934384,-0.014202653145452738
job_blue-collar,-0.04930740840352452,-0.05769126194939935,-0.027025121766198153,0.028114064261328772,0.008783387562368605,0.009373843099603736,-0.014861230772429766,0.0681470293627401,-0.0681470293627401,0.0681470293627401,-0.0681470293627401,-0.1768762910103566,1.0,-0.10105733760995325,-0.08198728538101031,-0.2686785247989745,-0.11909463723216852,-0.10565457713281426,-0.16397283164802057,-0.0707786824255053,-0.2327013339896298,-0.08780756388093307,-0.04736035771870825,0.0681470293627401,-0.0681470293627401,-0.1768762910103566,1.0,-0.10105733760995325,-0.08198728538101031,-0.2686785247989745,-0.11909463723216852,-0.10565457713281426,-0.16397283164802057,-0.0707786824255053,-0.2327013339896298,-0.08780756388093307,-0.04736035771870825,0.0681470293627401,-0.0681470293627401,-0.1768762910103566,1.0,-0.10105733760995325,-0.08198728538101031,-0.2686785247989745,-0.11909463723216852,-0.10565457713281426,-0.16397283164802057,-0.0707786824255053,-0.2327013339896298,-0.08780756388093307,-0.04736035771870825,-0.053301961393465914,0.12061786861296199,-0.0940100720476892,0.3459218774071651,0.04511968030901121,-0.3213837256810336,0.005109403214982119,0.008047725751055135,-0.008047725751055135,-0.17503957751217383,0.17503957751217383,-0.017244218849729615,0.017244218849729594,-0.0026770427111831416,-0.011244305000769466,-0.04243501207053471,0.026502459680616496,-0.13029594497779423,-0.01523181012677437,0.14572973287357077
